8143 5170 3441 6154 1778 4032 8150 7303 6474 2161 9371 5127 4604 6932 2157 7617 
3563 4737 1108 9776 9423 9877 7099 1941 3511 3320 4264 9114 1395 9616 8943 8346 
6981 5309 2205 7503 4215 7999 6432 6316 2172 5770 3440 6489 7174 7137 5564 8769 
6925 9746 6151 3318 4556 1073 1943 1419 5920 1030 5904 9538 1414 3926 8148 6035 
7121 6493 5765 5355 4064 3748 5484 4366 2950 2328 8346 8634 6845 3542 7751 1773 
1848 4787 7521 7739 6979 7191 3912 7853 1185 6279 8822 4577 9572 8247 7786 1596 
8704 4919 1770 2553 5110 5822 4137 4849 5933 8868 7646 1310 2972 2033 5810 3127 
1276 7073 4442 8432 8815 9746 6763 4060 7700 8253 1020 8520 6877 2576 5153 4010 
7228 9219 3710 3290 1513 2369 2832 4633 2671 7889 7870 4615 3548 6644 6897 7441 
7292 7585 5141 8668 2238 9710 7163 6624 5345 6465 8421 8573 1929 4437 4699 2694 
8676 4186 8804 6223 6717 6901 6790 7712 3832 6151 5979 4184 9682 4375 4969 6151 
9372 7924 3864 5834 9500 8387 8993 8671 6309 7676 9450 9157 7520 9824 4886 5341 
1890 6752 3141 8843 3605 4302 4436 5098 3140 5707 4068 5615 2311 6265 4770 8477 
2882 5410 5144 5928 7217 8554 2892 5890 2149 7058 4860 6467 1477 8403 5298 6003 
5198 7216 5077 5093 4907 7088 2073 1978 6562 4202 8320 1153 3172 9715 3066 1638 
9831 7439 5319 4303 5897 8845 2055 6813 3101 7611 8815 1277 6753 9950 7003 9431 
