8682 2004 2658 5094 4296 5048 7693 9858 3152 9101 3716 2371 6757 5942 4440 9464 
6722 6843 8708 9975 4022 5178 6904 5197 7953 9709 5377 3892 3727 4812 9018 6834 
6820 2893 9022 8156 4026 2084 1785 8341 3421 7905 5832 2559 3328 6925 9640 3205 
9696 9661 8250 7909 4237 9838 5571 9982 9095 8904 8382 1267 9749 3143 5121 4618 
7394 7069 4687 8785 3036 7790 2655 9303 5091 2923 9478 6098 3387 6231 9520 4922 
3076 1589 9960 5393 5097 8054 5973 2362 2531 2794 1832 8593 4405 9375 8013 7225 
7219 9448 9692 3301 6770 5183 2490 1732 2642 9888 1753 9413 8066 9140 1116 6845 
5728 6400 4633 6572 8503 1532 7279 1897 2007 2855 6206 6867 3354 7366 6749 3270 
3459 1561 1777 8426 4787 4817 5702 2895 3478 7682 1095 8835 7383 5511 6651 9619 
3647 5814 4934 7526 1148 2362 4187 6721 1253 1571 7268 9551 3089 4930 3649 1109 
8752 7279 9286 9403 8669 6538 5102 8985 7609 6123 6742 7784 9708 8600 5262 5020 
2210 3348 4414 8502 2547 4899 9227 8314 8796 5353 5654 7881 2538 1782 1165 3676 
5592 3791 8297 9362 2184 8496 5323 2022 7593 8007 4432 8201 1485 6130 1992 5914 
8680 9422 1780 1419 7318 4900 5303 8524 4023 6705 5693 8421 8902 4735 8990 3571 
1948 6835 2021 8942 1686 9400 3491 4004 8726 9396 1357 4225 8201 3616 9022 6468 
7954 1708 9407 4601 1719 2906 8493 2845 3495 3634 6492 9870 9758 9147 8415 7397 
